$ 1 0.005 382.76258214399064 66 12 43 5e-11
R 528 192 592 192 0 0 40 12 0 0 0.5
r 288 192 336 192 0 4700
r 464 192 512 192 0 27000
R 384 192 416 192 0 0 40 -12 0 0 0.5
w 336 192 384 192 0
w 128 192 128 176 0
w 464 176 464 192 0
w 128 176 464 176 0
w 512 192 528 192 0
w 272 192 288 192 0
174 144 288 208 320 1 100000 0.42080000000000006 Fine freq
R 96 288 48 288 0 0 40 12 0 0 0.5
R 240 288 304 288 0 0 40 -12 0 0 0.5
w 96 288 144 288 0
w 208 288 240 288 0
r 368 320 416 320 0 3000000
g 448 288 448 304 0 0
w 448 288 512 288 0
r 512 368 560 368 0 2000
w 416 256 432 256 0
w 432 368 512 368 0
w 176 208 176 256 0
w 176 256 368 256 0
x 24 221 164 224 4 16 Coarse\sfrequency
x 85 275 202 278 4 16 Fine\sfrequency
r 96 368 160 368 0 100000
r 96 400 160 400 0 100000
r 96 432 160 432 0 100000
207 96 368 48 368 5 CV1
207 96 400 48 400 5 CV2
207 96 432 48 432 5 CV3
w 160 368 176 368 0
w 160 400 176 400 0
w 160 432 176 432 0
w 176 368 176 400 0
w 176 400 176 432 0
174 128 192 208 208 1 100000 0.33170000000000005 Course freq
t 832 304 864 304 1 1 -0.016864704976146068 0.44113893448391767 100 default
t 960 304 896 304 1 1 0.43994135097562875 0.45799855049911126 100 default
a 736 208 800 208 9 15 -15 1000000 0.000005088960952503022 0 100000
g 704 192 704 208 0 0
w 704 192 736 192 0
c 752 272 784 272 0 1e-10 0.5089011842112547 0.001
r 800 208 864 208 0 10000
w 736 224 704 224 0
w 704 224 704 272 0
w 704 272 752 272 0
w 800 208 800 272 0
w 784 272 800 272 0
w 864 208 864 288 0
w 864 208 896 208 0
w 896 208 896 288 0
r 800 352 864 352 0 4700000
R 800 352 768 352 0 0 40 12 0 0 0.5
w 864 320 864 352 0
w 704 272 704 368 0
w 704 368 864 368 0
w 864 352 864 368 0
w 224 192 272 192 0
w 560 368 592 368 0
a 512 304 576 304 9 12 -12 1000000 1.6859616015193568e-8 0 1000000
g 960 304 960 320 0 0
t 992 304 1024 304 0 -1 10.656063465472027 -0.43994135097562875 100 default
w 896 320 896 368 0
w 896 368 992 368 0
w 992 304 992 368 0
g 1072 288 1072 304 0 0
w 1024 288 1072 288 0
r 1024 336 1024 384 0 10000
w 1024 320 1024 336 0
w 176 320 368 320 0
w 592 368 592 304 0
w 576 304 592 304 0
402 80 576 208 576 1 0\s0\s40\s-12\s0\s0\s0.5 0\s0\s40\s12\s0\s0\s0.5 0\s1\s-10.681706351238315\s0.4399364933264476\s100\sdefault 0\s1\s-0.4399364933264476\s0.4396817826074493\s100\sdefault 0\s1\s0\s0.4396817826074493\s100\sdefault 0\s1\s-11.122913499448988\s0.43867537282778774\s100\sdefault 0\s1\s-11.37350649427629\s0.3551394131831066\s100\sdefault 0\s-1\s0.4386705388570853\s-0.43841596169392716\s100\sdefault 0\s-1\s0\s-0.43841596169392716\s100\sdefault 0\s-1\s22.245836299473254\s-0.4386705388570853\s100\sdefault 0\s-1\s0.35514048461240044\s-0.35488898075599096\s100\sdefault 0\s-1\s0\s-0.35488898075599096\s100\sdefault 0\s-1\s11.376885829030028\s-0.35514048461240044\s100\sdefault 0\s1\s0\s0.4384112495704695\s100\sdefault 0\s1\s-0.4386659504052641\s0.4384112495704695\s100\sdefault 0\s1\s-11.036007505625847\s0.4386659504052641\s100\sdefault 0\s1\s0\s-0.06187306157725585\s100\sdefault 0\s1\s0\s0.021662898067425287\s100\sdefault
g 80 608 80 640 0 0
w 192 544 192 416 0
w 192 416 1024 416 0
w 1024 384 1024 416 0
r 368 256 416 256 0 100000
w 592 304 832 304 0
w 432 368 432 320 0
w 432 320 512 320 0
w 416 320 432 320 0
w 432 320 432 256 0
a 256 576 368 576 9 15 -15 1000000 -0.0000026880931010328492 0 100000
g 256 560 256 576 0 0
r 208 656 256 656 0 39000
w 256 592 256 656 0
w 208 576 208 656 0
c 288 656 320 656 0 2e-8 -0.26881199819638596 0.001
w 256 656 288 656 0
w 368 576 368 656 0
w 320 656 368 656 0
r 48 720 48 784 0 1000
g 48 784 48 800 0 0
w 48 720 48 544 0
w 48 544 80 544 0
r 208 720 272 720 0 100000
r 208 784 272 784 0 100000
w 144 720 208 720 0
w 144 784 208 784 0
174 144 720 112 784 1 100000 0.39110000000000006 Tri Skew Trim
w 48 720 80 720 0
w 80 720 80 752 0
w 80 752 112 752 0
d 272 720 320 720 2 default
d 320 784 272 784 2 default
w 320 720 320 784 0
a 464 608 560 608 9 12 -12 1000000 0 -3.9624048469677486 100000
g 464 624 464 640 0 0
r 368 576 432 576 0 120000
w 432 576 432 592 0
w 432 592 464 592 0
r 464 528 560 528 0 270000
c 464 480 560 480 0 1e-11 8.03799138151695 0.001
w 432 480 464 480 0
w 560 608 560 528 0
w 560 528 560 480 0
w 320 784 544 784 0
w 560 608 560 784 0
w 544 784 560 784 0
w 432 576 432 528 0
w 432 528 464 528 0
w 432 528 432 480 0
w 176 368 432 368 0
r 272 480 352 480 0 1000
w 352 480 368 480 0
w 368 480 368 576 0
207 272 480 240 480 4 TRI
402 656 560 800 560 1 0\s0\s40\s-12\s0\s0\s0.5 0\s0\s40\s12\s0\s0\s0.5 0\s1\s-10.49691765532378\s0.507946597010374\s100\sdefault 0\s1\s-0.507946597010374\s0.5076917758509882\s100\sdefault 0\s1\s0\s0.5076917758509882\s100\sdefault 0\s1\s-11.025376919293764\s0.4874439718148575\s100\sdefault 0\s1\s-11.012046718884546\s0.4918873838024935\s100\sdefault 0\s-1\s0.4874389361419986\s-0.4871841445642371\s100\sdefault 0\s-1\s0\s-0.4871841445642371\s100\sdefault 0\s-1\s22.050763852044994\s-0.4874389361419986\s100\sdefault 0\s-1\s0.49188234213746185\s-0.4916275269903565\s100\sdefault 0\s-1\s0\s-0.4916275269903565\s100\sdefault 0\s-1\s9.594191766588928\s-0.49188234213746185\s100\sdefault 0\s1\s0\s0.4871791297973118\s100\sdefault 0\s1\s-0.487433937451458\s0.4871791297973118\s100\sdefault 0\s1\s-12.447685297034484\s0.487433937451458\s100\sdefault 0\s1\s0\s0.002145983281617622\s100\sdefault 0\s1\s0\s-0.0022974287060184397\s100\sdefault
r 672 464 784 464 0 680000
R 672 464 640 464 0 0 40 12 0 0 0.5
w 784 464 784 528 0
r 608 528 608 624 0 2000
g 608 624 608 640 0 0
w 608 624 656 624 0
w 656 592 656 624 0
w 608 528 656 528 0
r 688 624 784 624 0 180000
w 656 624 688 624 0
w 784 624 800 624 0
r 800 624 848 624 0 2000000
R 848 624 880 624 0 0 40 12 0 0 0.5
r 400 688 480 688 0 110000
w 368 656 368 688 0
w 368 688 400 688 0
w 608 528 592 528 0
w 592 528 576 528 0
w 480 688 576 688 0
w 576 528 576 688 0
400 960 560 960 528 1 0\s1\s-10.577701635716746\s0.5008219358391626\s100\sdefault 0\s1\s-11.078523571555909\s0.6201920502212075\s100\sdefault 1
R 976 528 976 496 0 0 40 12 0 0 0.5
w 960 560 960 592 0
w 800 560 800 592 0
w 896 592 960 592 0
w 800 592 800 624 0
w 896 592 800 592 0
r 880 512 880 560 0 4700
R 880 560 880 576 0 0 40 -12 0 0 0.5
r 816 464 816 512 0 1000
w 816 464 864 464 0
w 816 512 880 512 0
w 880 512 944 512 0
w 944 512 944 528 0
207 864 464 912 464 4 SIN
a 160 1072 256 1072 9 15 -15 1000000 -0.00012000156225360189 0 100000
a 160 928 256 928 9 15 -15 1000000 0.000002688039340246049 0 100000
r 160 992 256 992 0 20000
w 160 944 160 992 0
w 256 928 256 976 0
w 256 976 256 992 0
r 160 944 80 944 0 20000
w 368 688 368 848 0
w 368 848 80 848 0
w 80 944 80 848 0
g 160 912 160 928 0 0
r 160 1136 256 1136 0 47000
r 144 1088 80 1088 0 47000
w 144 1088 160 1088 0
w 160 1088 160 1136 0
g 160 1056 160 1072 0 0
w 320 784 320 832 0
w 320 832 48 832 0
w 48 832 48 1088 0
w 48 1088 80 1088 0
j 480 992 480 928 32 -4 0.00125
r 352 992 432 992 0 30000
w 432 992 480 992 0
w 256 928 464 928 0
w 48 1088 48 1168 0
w 48 1168 304 1168 0
w 304 1168 304 992 0
w 304 992 352 992 0
j 480 1072 480 1040 32 -4 0.00125
w 480 1088 480 1072 0
w 256 1072 256 1088 0
w 256 1088 256 1136 0
r 352 1088 416 1088 0 30000
w 352 1088 256 1088 0
w 416 1088 480 1088 0
r 496 928 560 928 0 10000
r 560 928 640 928 0 10000
r 560 928 560 864 0 15000
R 560 864 560 848 0 0 40 12 0 0 0.5
w 80 944 80 1024 0
w 464 1040 80 1040 0
w 80 1040 80 1024 0
r 496 1040 560 1040 0 10000
r 560 1040 640 1040 0 10000
r 560 1040 560 1104 0 15000
R 560 1104 560 1120 0 0 40 -12 0 0 0.5
174 672 1040 720 1056 1 2000 0.9752000000000001 Ramp trim
w 640 1040 640 1072 0
w 640 1072 704 1072 0
w 704 1056 704 1072 0
w 640 1040 672 1040 0
w 640 928 736 928 0
w 736 928 736 1040 0
a 832 1056 928 1056 9 15 -15 1000000 0.934464764730545 0.9344939916072291 100000
r 736 1072 736 1136 0 10000
g 736 1168 736 1184 0 0
r 752 1152 832 1152 0 47000
w 736 1040 832 1040 0
w 736 1040 736 1072 0
w 832 1072 832 1152 0
w 736 1168 736 1152 0
w 736 1152 752 1152 0
w 736 1152 736 1136 0
r 848 1152 928 1152 0 100000
w 832 1152 848 1152 0
w 928 1056 928 1152 0
a 1056 1040 1184 1040 9 15 -15 1000000 0.00002922629215826912 0 100000
g 1056 1024 1056 1040 0 0
r 1056 1056 992 1056 0 10000
w 928 1056 992 1056 0
r 992 1152 1056 1152 0 1000
w 928 1152 992 1152 0
207 1088 1152 1152 1152 4 RMP
w 1056 1152 1088 1152 0
r 1056 1104 1184 1104 0 10000
w 1056 1104 1056 1056 0
w 1184 1040 1184 1104 0
r 1184 1104 1248 1104 0 1000
207 1248 1104 1280 1104 4 SAW
a 928 848 1088 848 9 12 -12 1000000 0.0036859613089481407 14.593874347847422 100000
c 928 800 976 800 0 1e-11 2.592415341008767 0.001
r 928 752 1024 752 0 4700000
w 976 800 1088 800 0
w 1088 800 1088 848 0
w 1024 752 1088 752 0
w 1088 752 1088 800 0
w 880 800 880 752 0
w 880 832 880 800 0
w 928 928 1088 928 0
r 1088 896 1168 896 0 1000
g 1168 896 1168 912 0 0
w 1088 928 1088 896 0
w 1088 928 1184 928 0
r 1216 896 1296 896 0 10000
r 1264 848 1344 848 0 100000
r 1264 928 1344 928 0 100000
R 1264 928 1248 928 0 0 40 -12 0 0 0.5
R 1264 848 1248 848 0 0 40 12 0 0 0.5
174 1392 848 1472 864 1 100000 0.46040000000000003 Sqaure width ajust
w 1296 896 1440 896 0
w 1440 864 1440 896 0
w 1344 848 1392 848 0
w 1344 928 1504 928 0
w 1504 928 1504 848 0
w 1488 848 1504 848 0
w 1184 928 1200 928 0
w 1216 896 1200 896 0
w 1200 896 1200 928 0
w 1200 928 1200 960 0
r 1232 960 1328 960 0 10000
207 1376 960 1424 960 4 PWXV
w 1328 960 1376 960 0
w 1200 960 1232 960 0
w 880 752 928 752 0
w 928 800 880 800 0
w 928 832 880 832 0
r 880 832 880 912 0 100000
w 928 864 928 928 0
w 928 1056 928 960 0
w 928 960 880 960 0
w 880 960 880 912 0
a 1200 720 1328 720 9 15 -15 1000000 0.00004444923905427462 0 100000
r 1088 800 1184 800 0 27000
r 1200 784 1328 784 0 10000
g 1200 704 1200 720 0 0
w 1200 784 1200 736 0
w 1184 800 1200 800 0
w 1200 784 1200 800 0
w 1328 720 1328 784 0
r 1328 720 1408 720 0 1000
207 1408 720 1456 720 4 SQR
w 304 1168 400 1168 0
207 400 1168 464 1168 5 ZZ
r 1200 528 1280 528 0 4700
r 1200 576 1280 576 0 100000
R 1152 528 1152 496 0 0 40 12 0 0 0.5
t 1312 576 1344 576 0 1 -24.000393636715877 -12.01195685033507 100 default
207 1200 576 1152 576 4 ZZ
w 1152 528 1200 528 0
w 1280 528 1344 528 0
w 1344 560 1344 528 0
w 1280 576 1312 576 0
162 1376 592 1440 592 2 default-led 1 0 0 0.01
g 1440 624 1440 640 0 0
w 1344 592 1376 592 0
w 1440 592 1440 624 0
o 295 64 0 4099 5 0.00009765625 0 2 295 3
o 275 64 0 4099 0.01953125 0.00009765625 1 2 275 3
